startx	-159.0	-70.0	70.0	159.0						
starty	49.0	84.0	84.0	49.0						
deltx1	159.0	70.0	-70.0	-159.0	
delty1	-477	-506.8	-506.8	-477
targetx	-42	-20	20	42
targety	-302	-278	-278	-302
cuecolors	-0.584	-0.302	0.325	-0.584	-0.302	0.325	-0.584	-0.302	0.325	-0.584	-0.302	0.325
targetcushion	0.13
targetdiameter	45
targetcolor	0.9	0.9	0.9
backgroundcolor	-0.5	-0.5	-.5
percenttojump	30.0	31.0
checkevery	12.0
percentthreshold	.25	.75
timetoelapse	1.0
feedback	1
framesoffeedback	5
adaptivespeed	1.0
cuesize	25
monitorrefresh	65
patternlength	2880
usecodes	0.0
letterXpositions	-42.0	-20.0	20.0	42.0
letterYpositions	-302.0	-278.0	-278.0	-302.0
showfix	1.0
key2continue	space
forcedwait	5.0
portaddress	888.0
fixpos	0.0	-310.0	+	40.0	black
corr_incorr_missed_codes	254	252	253
doportcodes	0.0
resultsfile	n7.txt

# The order is important in all of what follows
# If this is a one value variable, only the first listed will be taken into account
# If unset start at line A S D F G H... and truncate at the numbe of keys
# Please keep the two variables below in the same order!
keylist	D F J K
# Keyboard keys
numkeys	4

# Letters
showletters	1.0
# lettersize	.25
lettercolor	white blue

# Bubbles
# bubblecolor #e377c2 #7f7f7f #bcbd22 #17becf

# Pattern: Key Time Key Time ..
pattern	.5	1	.5	2	.5	3	.5	4	.5	2	.5	4	.5	1	.5	4	.5	3	.5	2	.5	1	.5	3	.5	1	.5	3	.5	4	.5	2	.5	3	.5	2	.5	1	.5	2	.5	4	.5	3	.5	1	.5	4	.5	1	.5	3	.5	4	.5	2	.5	3	.5	2	.5	1	.5	2	.5	4	.5	3	.5	1	.5	4	.5	1	.5	3	.5	4	.5	2	.5	3	.5	2	.5	1	.5	2	.5	4	.5	3	.5	1	.5	4	.5	1	.5	3	.5	4	.5	2	.5	3	.5	2	.5	1	.5	2	.5	4	.5	3	.5	1	.5	4	.5	1	.5	3	.5	4	.5	2	.5	3	.5	2	.5	1	.5	2	.5	4	.5	3	.5	1	.5	4	.5	1	.5	3	.5	4	.5	2	.5	3	.5	2	.5	1	.5	2	.5	4	.5	3	.5	1	.5	4	.5	1	.5	2	.5	4	.5	1	.5	3	.5	2	.5	3	.5	1	.5	4	.5	3	.5	4	.5	2	.5	1	.5	3	.5	4	.5	2	.5	3	.5	2	.5	1	.5	2	.5	4	.5	3	.5	1	.5	4	.5	1	.5	3	.5	4	.5	2	.5	3	.5	2	.5	1	.5	2	.5	4	.5	3	.5	1	.5	4	.5	1	.5	3	.5	4	.5	2	.5	3	.5	2	.5	1	.5	2	.5	4	.5	3	.5	1	.5	4	.5	1	.5	2	.5	1	.5	3	.5	4	.5	3	.5	2	.5	3	.5	1	.5	4	.5	2	.5	4	.5	1	.5	3	.5	4	.5	2	.5	3	.5	2	.5	1	.5	2	.5	4	.5	3	.5	1	.5	4	.5	1	.5	3	.5	4	.5	2	.5	3	.5	2	.5	1	.5	2	.5	4	.5	3	.5	1	.5	4	.5	1	.5	3	.5	4	.5	2	.5	3	.5	2	.5	1	.5	2	.5	4	.5	3	.5	1	.5	4	.5	1	.5	3	.5	4	.5	2	.5	3	.5	2	.5	1	.5	2	.5	4	.5	3	.5	1	.5	4	.5	1	.5	3	.5	4	.5	2	.5	3	.5	2	.5	1	.5	2	.5	4	.5	3	.5	1	.5	4	.5	1	.5	2	.5	4	.5	1	.5	4	.5	3	.5	2	.5	3	.5	4	.5	2	.5	1	.5	3	.5	1	.5	3	.5	4	.5	2	.5	3	.5	2	.5	1	.5	2	.5	4	.5	3	.5	1	.5	4	.5	1	.5	3	.5	4	.5	2	.5	3	.5	2	.5	1	.5	2	.5	4	.5	3	.5	1	.5	4	.5	1	.5	3	.5	4	.5	2	.5	3	.5	2	.5	1	.5	2	.5	4	.5	3	.5	1	.5	4	.5	1	.5	3	.5	4	.5	2	.5	3	.5	2	.5	1	.5	2	.5	4	.5	3	.5	1	.5	4	.5	1	.5	3	.5	4	.5	2	.5	3	.5	2	.5	1	.5	2	.5	4	.5	3	.5	1	.5	4	.5	1	.5	3	.5	4	.5	2	.5	3	.5	2	.5	1	.5	2	.5	4	.5	3	.5	1	.5	4	.5	1	.5	2	.5	4	.5	3	.5	1	.5	4	.5	2	.5	1	.5	3	.5	2	.5	3	.5	4	.5	1	.5	3	.5	4	.5	2	.5	3	.5	2	.5	1	.5	2	.5	4	.5	3	.5	1	.5	4	.5	1	.5	3	.5	4	.5	2	.5	3	.5	2	.5	1	.5	2	.5	4	.5	3	.5	1	.5	4	.5	1	.5	2	.5	1	.5	3	.5	1	.5	4	.5	2	.5	4	.5	3	.5	2	.5	3	.5	4	.5	1	.5	3	.5	4	.5	2	.5	3	.5	2	.5	1	.5	2	.5	4	.5	3	.5	1	.5	4	.5	1	.5	3	.5	4	.5	2	.5	3	.5	2	.5	1	.5	2	.5	4	.5	3	.5	1	.5	4	.5	1	.5	3	.5	4	.5	2	.5	3	.5	2	.5	1	.5	2	.5	4	.5	3	.5	1	.5	4	.5	1	.5	3	.5	4	.5	2	.5	3	.5	2	.5	1	.5	2	.5	4	.5	3	.5	1	.5	4	.5	1	.5	3	.5	4	.5	2	.5	3	.5	2	.5	1	.5	2	.5	4	.5	3	.5	1	.5	4	.5	1	.5	2	.5	1	.5	4	.5	2	.5	3	.5	1	.5	3	.5	4	.5	3	.5	2	.5	4	.5	1	.5	3	.5	4	.5	2	.5	3	.5	2	.5	1	.5	2	.5	4	.5	3	.5	1	.5	4	.5	1	.5	3	.5	4	.5	2	.5	3	.5	2	.5	1	.5	2	.5	4	.5	3	.5	1	.5	4	.5	1	.5	3	.5	4	.5	2	.5	3	.5	2	.5	1	.5	2	.5	4	.5	3	.5	1	.5	4	.5	1	.5	3	.5	4	.5	2	.5	3	.5	2	.5	1	.5	2	.5	4	.5	3	.5	1	.5	4	.5	1	.5	3	.5	4	.5	2	.5	3	.5	2	.5	1	.5	2	.5	4	.5	3	.5	1	.5	4	.5	1	.5	2	.5	1	.5	4	.5	3	.5	4	.5	2	.5	4	.5	1	.5	3	.5	2	.5	3	15000.0	1	.5	3	.5	4	.5	2	.5	3	.5	2	.5	1	.5	2	.5	4	.5	3	.5	1	.5	4	.5	1	.5	3	.5	4	.5	2	.5	3	.5	2	.5	1	.5	2	.5	4	.5	3	.5	1	.5	4	.5	1	.5	2	.5	4	.5	1	.5	3	.5	2	.5	1	.5	4	.5	2	.5	3	.5	4	.5	3	.5	1	.5	3	.5	4	.5	2	.5	3	.5	2	.5	1	.5	2	.5	4	.5	3	.5	1	.5	4	.5	1	.5	3	.5	4	.5	2	.5	3	.5	2	.5	1	.5	2	.5	4	.5	3	.5	1	.5	4	.5	1	.5	3	.5	4	.5	2	.5	3	.5	2	.5	1	.5	2	.5	4	.5	3	.5	1	.5	4	.5	1	.5	3	.5	4	.5	2	.5	3	.5	2	.5	1	.5	2	.5	4	.5	3	.5	1	.5	4	.5	1	.5	3	.5	4	.5	2	.5	3	.5	2	.5	1	.5	2	.5	4	.5	3	.5	1	.5	4	.5	1	.5	3	.5	4	.5	2	.5	3	.5	2	.5	1	.5	2	.5	4	.5	3	.5	1	.5	4	.5	1	.5	2	.5	1	.5	4	.5	3	.5	4	.5	2	.5	3	.5	2	.5	4	.5	1	.5	3	.5	1	.5	2	.5	4	.5	3	.5	2	.5	1	.5	4	.5	2	.5	3	.5	4	.5	1	.5	3	.5	1	.5	3	.5	4	.5	2	.5	3	.5	2	.5	1	.5	2	.5	4	.5	3	.5	1	.5	4	.5	1	.5	3	.5	4	.5	2	.5	3	.5	2	.5	1	.5	2	.5	4	.5	3	.5	1	.5	4	.5	1	.5	3	.5	4	.5	2	.5	3	.5	2	.5	1	.5	2	.5	4	.5	3	.5	1	.5	4	.5	1	.5	3	.5	4	.5	2	.5	3	.5	2	.5	1	.5	2	.5	4	.5	3	.5	1	.5	4	.5	1	.5	3	.5	4	.5	2	.5	3	.5	2	.5	1	.5	2	.5	4	.5	3	.5	1	.5	4	.5	1	.5	3	.5	4	.5	2	.5	3	.5	2	.5	1	.5	2	.5	4	.5	3	.5	1	.5	4	.5	1	.5	3	.5	4	.5	2	.5	3	.5	2	.5	1	.5	2	.5	4	.5	3	.5	1	.5	4	.5	1	.5	3	.5	4	.5	2	.5	3	.5	2	.5	1	.5	2	.5	4	.5	3	.5	1	.5	4	.5	1	.5	2	.5	4	.5	3	.5	1	.5	4	.5	2	.5	3	.5	4	.5	1	.5	3	.5	2	.5	1	.5	2	.5	4	.5	2	.5	3	.5	4	.5	1	.5	4	.5	3	.5	2	.5	1	.5	3	.5	1	.5	3	.5	4	.5	2	.5	3	.5	2	.5	1	.5	2	.5	4	.5	3	.5	1	.5	4	.5	1	.5	3	.5	4	.5	2	.5	3	.5	2	.5	1	.5	2	.5	4	.5	3	.5	1	.5	4	.5	1	.5	3	.5	4	.5	2	.5	3	.5	2	.5	1	.5	2	.5	4	.5	3	.5	1	.5	4	.5	1	.5	3	.5	4	.5	2	.5	3	.5	2	.5	1	.5	2	.5	4	.5	3	.5	1	.5	4	.5	1	.5	3	.5	4	.5	2	.5	3	.5	2	.5	1	.5	2	.5	4	.5	3	.5	1	.5	4	.5	1	.5	2	.5	1	.5	4	.5	2	.5	3	.5	1	.5	3	.5	2	.5	4	.5	3	.5	4	.5	1	.5	3	.5	4	.5	2	.5	3	.5	2	.5	1	.5	2	.5	4	.5	3	.5	1	.5	4	.5	1	.5	3	.5	4	.5	2	.5	3	.5	2	.5	1	.5	2	.5	4	.5	3	.5	1	.5	4	.5	1	.5	3	.5	4	.5	2	.5	3	.5	2	.5	1	.5	2	.5	4	.5	3	.5	1	.5	4	.5	1	.5	3	.5	4	.5	2	.5	3	.5	2	.5	1	.5	2	.5	4	.5	3	.5	1	.5	4	.5	1	.5	2	.5	4	.5	3	.5	2	.5	3	.5	1	.5	3	.5	4	.5	1	.5	4	.5	2	.5	1	.5	3	.5	4	.5	2	.5	3	.5	2	.5	1	.5	2	.5	4	.5	3	.5	1	.5	4	.5	1	.5	3	.5	4	.5	2	.5	3	.5	2	.5	1	.5	2	.5	4	.5	3	.5	1	.5	4	.5	1	.5	3	.5	4	.5	2	.5	3	.5	2	.5	1	.5	2	.5	4	.5	3	.5	1	.5	4	.5	1	.5	2	.5	3	.5	2	.5	1	.5	3	.5	4	.5	3	.5	1	.5	4	.5	2	.5	4	.5	1	.5	3	.5	4	.5	2	.5	3	.5	2	.5	1	.5	2	.5	4	.5	3	.5	1	.5	4	.5	1	.5	3	.5	4	.5	2	.5	3	.5	2	.5	1	.5	2	.5	4	.5	3	.5	1	.5	4	.5	1	.5	3	.5	4	.5	2	.5	3	.5	2	.5	1	.5	2	.5	4	.5	3	.5	1	.5	4	.5	1	.5	3	.5	4	.5	2	.5	3	.5	2	.5	1	.5	2	.5	4	.5	3	.5	1	.5	4	15000.0	1	.5	3	.5	4	.5	2	.5	3	.5	2	.5	1	.5	2	.5	4	.5	3	.5	1	.5	4	.5	1	.5	3	.5	4	.5	2	.5	3	.5	2	.5	1	.5	2	.5	4	.5	3	.5	1	.5	4	.5	1	.5	3	.5	4	.5	2	.5	3	.5	2	.5	1	.5	2	.5	4	.5	3	.5	1	.5	4	.5	1	.5	2	.5	4	.5	1	.5	3	.5	2	.5	3	.5	4	.5	3	.5	1	.5	4	.5	2	.5	1	.5	3	.5	4	.5	2	.5	3	.5	2	.5	1	.5	2	.5	4	.5	3	.5	1	.5	4	.5	1	.5	3	.5	4	.5	2	.5	3	.5	2	.5	1	.5	2	.5	4	.5	3	.5	1	.5	4	.5	1	.5	3	.5	4	.5	2	.5	3	.5	2	.5	1	.5	2	.5	4	.5	3	.5	1	.5	4	.5	1	.5	3	.5	4	.5	2	.5	3	.5	2	.5	1	.5	2	.5	4	.5	3	.5	1	.5	4	.5	1	.5	3	.5	4	.5	2	.5	3	.5	2	.5	1	.5	2	.5	4	.5	3	.5	1	.5	4	.5	1	.5	2	.5	4	.5	3	.5	4	.5	1	.5	4	.5	2	.5	3	.5	1	.5	3	.5	2	.5	1	.5	2	.5	4	.5	2	.5	3	.5	1	.5	4	.5	3	.5	2	.5	1	.5	3	.5	4	.5	1	.5	3	.5	4	.5	2	.5	3	.5	2	.5	1	.5	2	.5	4	.5	3	.5	1	.5	4	.5	1	.5	3	.5	4	.5	2	.5	3	.5	2	.5	1	.5	2	.5	4	.5	3	.5	1	.5	4	.5	1	.5	3	.5	4	.5	2	.5	3	.5	2	.5	1	.5	2	.5	4	.5	3	.5	1	.5	4	.5	1	.5	3	.5	4	.5	2	.5	3	.5	2	.5	1	.5	2	.5	4	.5	3	.5	1	.5	4	.5	1	.5	3	.5	4	.5	2	.5	3	.5	2	.5	1	.5	2	.5	4	.5	3	.5	1	.5	4	.5	1	.5	3	.5	4	.5	2	.5	3	.5	2	.5	1	.5	2	.5	4	.5	3	.5	1	.5	4	.5	1	.5	3	.5	4	.5	2	.5	3	.5	2	.5	1	.5	2	.5	4	.5	3	.5	1	.5	4	.5	1	.5	3	.5	4	.5	2	.5	3	.5	2	.5	1	.5	2	.5	4	.5	3	.5	1	.5	4	.5	1	.5	2	.5	1	.5	3	.5	2	.5	4	.5	1	.5	4	.5	3	.5	4	.5	2	.5	3	.5	1	.5	3	.5	4	.5	2	.5	3	.5	2	.5	1	.5	2	.5	4	.5	3	.5	1	.5	4	.5	1	.5	2	.5	1	.5	3	.5	2	.5	3	.5	4	.5	2	.5	4	.5	3	.5	1	.5	4	.5	1	.5	3	.5	4	.5	2	.5	3	.5	2	.5	1	.5	2	.5	4	.5	3	.5	1	.5	4	.5	1	.5	3	.5	4	.5	2	.5	3	.5	2	.5	1	.5	2	.5	4	.5	3	.5	1	.5	4	.5	1	.5	3	.5	4	.5	2	.5	3	.5	2	.5	1	.5	2	.5	4	.5	3	.5	1	.5	4	.5	1	.5	3	.5	4	.5	2	.5	3	.5	2	.5	1	.5	2	.5	4	.5	3	.5	1	.5	4	.5	1	.5	3	.5	4	.5	2	.5	3	.5	2	.5	1	.5	2	.5	4	.5	3	.5	1	.5	4	.5	1	.5	3	.5	4	.5	2	.5	3	.5	2	.5	1	.5	2	.5	4	.5	3	.5	1	.5	4	.5	1	.5	3	.5	4	.5	2	.5	3	.5	2	.5	1	.5	2	.5	4	.5	3	.5	1	.5	4	.5	1	.5	2	.5	3	.5	4	.5	2	.5	1	.5	3	.5	2	.5	4	.5	3	.5	1	.5	4	.5	1	.5	3	.5	4	.5	2	.5	3	.5	2	.5	1	.5	2	.5	4	.5	3	.5	1	.5	4	.5	1	.5	3	.5	4	.5	2	.5	3	.5	2	.5	1	.5	2	.5	4	.5	3	.5	1	.5	4	.5	1	.5	3	.5	4	.5	2	.5	3	.5	2	.5	1	.5	2	.5	4	.5	3	.5	1	.5	4	.5	1	.5	3	.5	4	.5	2	.5	3	.5	2	.5	1	.5	2	.5	4	.5	3	.5	1	.5	4	.5	1	.5	2	.5	4	.5	3	.5	2	.5	3	.5	4	.5	1	.5	4	.5	2	.5	1	.5	3	.5	1	.5	3	.5	4	.5	2	.5	3	.5	2	.5	1	.5	2	.5	4	.5	3	.5	1	.5	4	.5	1	.5	3	.5	4	.5	2	.5	3	.5	2	.5	1	.5	2	.5	4	.5	3	.5	1	.5	4	.5	1	.5	2	.5	3	.5	2	.5	4	.5	2	.5	1	.5	4	.5	3	.5	1	.5	3	.5	4	.5	1	.5	3	.5	4	.5	2	.5	3	.5	2	.5	1	.5	2	.5	4	.5	3	.5	1	.5	4	.5	1	.5	3	.5	4	.5	2	.5	3	.5	2	.5	1	.5	2	.5	4	.5	3	.5	1	.5	4	15000.0	1	.5	3	.5	4	.5	2	.5	3	.5	2	.5	1	.5	2	.5	4	.5	3	.5	1	.5	4	.5	1	.5	3	.5	4	.5	2	.5	3	.5	2	.5	1	.5	2	.5	4	.5	3	.5	1	.5	4	.5	1	.5	3	.5	4	.5	2	.5	3	.5	2	.5	1	.5	2	.5	4	.5	3	.5	1	.5	4	.5	1	.5	2	.5	3	.5	1	.5	3	.5	2	.5	4	.5	2	.5	1	.5	4	.5	3	.5	4	.5	1	.5	3	.5	4	.5	2	.5	3	.5	2	.5	1	.5	2	.5	4	.5	3	.5	1	.5	4	.5	1	.5	3	.5	4	.5	2	.5	3	.5	2	.5	1	.5	2	.5	4	.5	3	.5	1	.5	4	.5	1	.5	3	.5	4	.5	2	.5	3	.5	2	.5	1	.5	2	.5	4	.5	3	.5	1	.5	4	.5	1	.5	2	.5	4	.5	2	.5	1	.5	3	.5	1	.5	4	.5	3	.5	2	.5	3	.5	4	.5	1	.5	3	.5	4	.5	2	.5	3	.5	2	.5	1	.5	2	.5	4	.5	3	.5	1	.5	4	.5	1	.5	3	.5	4	.5	2	.5	3	.5	2	.5	1	.5	2	.5	4	.5	3	.5	1	.5	4	.5	1	.5	2	.5	3	.5	2	.5	1	.5	3	.5	1	.5	4	.5	3	.5	4	.5	2	.5	4	.5	1	.5	3	.5	4	.5	2	.5	3	.5	2	.5	1	.5	2	.5	4	.5	3	.5	1	.5	4	.5	1	.5	3	.5	4	.5	2	.5	3	.5	2	.5	1	.5	2	.5	4	.5	3	.5	1	.5	4	.5	1	.5	3	.5	4	.5	2	.5	3	.5	2	.5	1	.5	2	.5	4	.5	3	.5	1	.5	4	.5	1	.5	3	.5	4	.5	2	.5	3	.5	2	.5	1	.5	2	.5	4	.5	3	.5	1	.5	4	.5	1	.5	3	.5	4	.5	2	.5	3	.5	2	.5	1	.5	2	.5	4	.5	3	.5	1	.5	4	.5	1	.5	3	.5	4	.5	2	.5	3	.5	2	.5	1	.5	2	.5	4	.5	3	.5	1	.5	4	.5	1	.5	3	.5	4	.5	2	.5	3	.5	2	.5	1	.5	2	.5	4	.5	3	.5	1	.5	4	.5	1	.5	2	.5	1	.5	4	.5	3	.5	4	.5	1	.5	3	.5	2	.5	4	.5	2	.5	3	.5	1	.5	3	.5	4	.5	2	.5	3	.5	2	.5	1	.5	2	.5	4	.5	3	.5	1	.5	4	.5	1	.5	3	.5	4	.5	2	.5	3	.5	2	.5	1	.5	2	.5	4	.5	3	.5	1	.5	4	.5	1	.5	2	.5	3	.5	4	.5	1	.5	4	.5	3	.5	1	.5	3	.5	2	.5	4	.5	2	.5	1	.5	3	.5	4	.5	2	.5	3	.5	2	.5	1	.5	2	.5	4	.5	3	.5	1	.5	4	.5	1	.5	3	.5	4	.5	2	.5	3	.5	2	.5	1	.5	2	.5	4	.5	3	.5	1	.5	4	.5	1	.5	3	.5	4	.5	2	.5	3	.5	2	.5	1	.5	2	.5	4	.5	3	.5	1	.5	4	.5	1	.5	2	.5	1	.5	4	.5	1	.5	3	.5	2	.5	3	.5	4	.5	2	.5	4	.5	3	.5	1	.5	3	.5	4	.5	2	.5	3	.5	2	.5	1	.5	2	.5	4	.5	3	.5	1	.5	4	.5	1	.5	3	.5	4	.5	2	.5	3	.5	2	.5	1	.5	2	.5	4	.5	3	.5	1	.5	4	.5	1	.5	3	.5	4	.5	2	.5	3	.5	2	.5	1	.5	2	.5	4	.5	3	.5	1	.5	4	.5	1	.5	3	.5	4	.5	2	.5	3	.5	2	.5	1	.5	2	.5	4	.5	3	.5	1	.5	4	.5	1	.5	3	.5	4	.5	2	.5	3	.5	2	.5	1	.5	2	.5	4	.5	3	.5	1	.5	4	.5	1	.5	3	.5	4	.5	2	.5	3	.5	2	.5	1	.5	2	.5	4	.5	3	.5	1	.5	4	.5	1	.5	3	.5	4	.5	2	.5	3	.5	2	.5	1	.5	2	.5	4	.5	3	.5	1	.5	4	.5	1	.5	3	.5	4	.5	2	.5	3	.5	2	.5	1	.5	2	.5	4	.5	3	.5	1	.5	4	.5	1	.5	2	.5	4	.5	1	.5	3	.5	4	.5	3	.5	2	.5	3	.5	1	.5	4	.5	2	.5	1	.5	2	.5	3	.5	2	.5	4	.5	1	.5	4	.5	3	.5	1	.5	3	.5	4	.5	2	.5	1	.5	3	.5	4	.5	2	.5	3	.5	2	.5	1	.5	2	.5	4	.5	3	.5	1	.5	4	.5	1	.5	3	.5	4	.5	2	.5	3	.5	2	.5	1	.5	2	.5	4	.5	3	.5	1	.5	4	.5	1	.5	3	.5	4	.5	2	.5	3	.5	2	.5	1	.5	2	.5	4	.5	3	.5	1	.5	4	.5	1	.5	3	.5	4	.5	2	.5	3	.5	2	.5	1	.5	2	.5	4	.5	3	.5	1	.5	4	15000.0	1	.5	3	.5	4	.5	2	.5	3	.5	2	.5	1	.5	2	.5	4	.5	3	.5	1	.5	4	.5	1	.5	2	.5	3	.5	1	.5	4	.5	2	.5	1	.5	3	.5	2	.5	4	.5	3	.5	4	.5	1	.5	3	.5	4	.5	2	.5	3	.5	2	.5	1	.5	2	.5	4	.5	3	.5	1	.5	4	.5	1	.5	3	.5	4	.5	2	.5	3	.5	2	.5	1	.5	2	.5	4	.5	3	.5	1	.5	4	.5	1	.5	3	.5	4	.5	2	.5	3	.5	2	.5	1	.5	2	.5	4	.5	3	.5	1	.5	4	.5	1	.5	3	.5	4	.5	2	.5	3	.5	2	.5	1	.5	2	.5	4	.5	3	.5	1	.5	4	.5	1	.5	3	.5	4	.5	2	.5	3	.5	2	.5	1	.5	2	.5	4	.5	3	.5	1	.5	4	.5	1	.5	3	.5	4	.5	2	.5	3	.5	2	.5	1	.5	2	.5	4	.5	3	.5	1	.5	4	.5	1	.5	2	.5	4	.5	1	.5	4	.5	2	.5	1	.5	3	.5	2	.5	3	.5	4	.5	3	.5	1	.5	3	.5	4	.5	2	.5	3	.5	2	.5	1	.5	2	.5	4	.5	3	.5	1	.5	4	.5	1	.5	2	.5	4	.5	1	.5	4	.5	2	.5	1	.5	3	.5	4	.5	3	.5	2	.5	3	.5	1	.5	3	.5	4	.5	2	.5	3	.5	2	.5	1	.5	2	.5	4	.5	3	.5	1	.5	4	.5	1	.5	3	.5	4	.5	2	.5	3	.5	2	.5	1	.5	2	.5	4	.5	3	.5	1	.5	4	.5	1	.5	3	.5	4	.5	2	.5	3	.5	2	.5	1	.5	2	.5	4	.5	3	.5	1	.5	4	.5	1	.5	3	.5	4	.5	2	.5	3	.5	2	.5	1	.5	2	.5	4	.5	3	.5	1	.5	4	.5	1	.5	3	.5	4	.5	2	.5	3	.5	2	.5	1	.5	2	.5	4	.5	3	.5	1	.5	4	.5	1	.5	3	.5	4	.5	2	.5	3	.5	2	.5	1	.5	2	.5	4	.5	3	.5	1	.5	4	.5	1	.5	3	.5	4	.5	2	.5	3	.5	2	.5	1	.5	2	.5	4	.5	3	.5	1	.5	4	.5	1	.5	3	.5	4	.5	2	.5	3	.5	2	.5	1	.5	2	.5	4	.5	3	.5	1	.5	4	.5	1	.5	2	.5	1	.5	4	.5	3	.5	2	.5	4	.5	2	.5	3	.5	4	.5	1	.5	3	.5	1	.5	3	.5	4	.5	2	.5	3	.5	2	.5	1	.5	2	.5	4	.5	3	.5	1	.5	4	.5	1	.5	3	.5	4	.5	2	.5	3	.5	2	.5	1	.5	2	.5	4	.5	3	.5	1	.5	4	.5	1	.5	2	.5	1	.5	4	.5	3	.5	1	.5	3	.5	4	.5	2	.5	3	.5	2	.5	4	.5	1	.5	3	.5	4	.5	2	.5	3	.5	2	.5	1	.5	2	.5	4	.5	3	.5	1	.5	4	.5	1	.5	3	.5	4	.5	2	.5	3	.5	2	.5	1	.5	2	.5	4	.5	3	.5	1	.5	4	.5	1	.5	2	.5	4	.5	1	.5	4	.5	3	.5	2	.5	3	.5	1	.5	3	.5	4	.5	2	.5	1	.5	3	.5	4	.5	2	.5	3	.5	2	.5	1	.5	2	.5	4	.5	3	.5	1	.5	4	.5	1	.5	3	.5	4	.5	2	.5	3	.5	2	.5	1	.5	2	.5	4	.5	3	.5	1	.5	4	.5	1	.5	3	.5	4	.5	2	.5	3	.5	2	.5	1	.5	2	.5	4	.5	3	.5	1	.5	4	.5	1	.5	3	.5	4	.5	2	.5	3	.5	2	.5	1	.5	2	.5	4	.5	3	.5	1	.5	4	.5	1	.5	3	.5	4	.5	2	.5	3	.5	2	.5	1	.5	2	.5	4	.5	3	.5	1	.5	4	.5	1	.5	3	.5	4	.5	2	.5	3	.5	2	.5	1	.5	2	.5	4	.5	3	.5	1	.5	4	.5	1	.5	3	.5	4	.5	2	.5	3	.5	2	.5	1	.5	2	.5	4	.5	3	.5	1	.5	4	.5	1	.5	2	.5	3	.5	1	.5	3	.5	2	.5	4	.5	3	.5	4	.5	2	.5	1	.5	4	.5	1	.5	3	.5	4	.5	2	.5	3	.5	2	.5	1	.5	2	.5	4	.5	3	.5	1	.5	4	.5	1	.5	3	.5	4	.5	2	.5	3	.5	2	.5	1	.5	2	.5	4	.5	3	.5	1	.5	4	.5	1	.5	3	.5	4	.5	2	.5	3	.5	2	.5	1	.5	2	.5	4	.5	3	.5	1	.5	4	.5	1	.5	2	.5	4	.5	1	.5	3	.5	2	.5	3	.5	4	.5	2	.5	1	.5	4	.5	3	.5	1	.5	3	.5	4	.5	2	.5	3	.5	2	.5	1	.5	2	.5	4	.5	3	.5	1	.5	4	.5	1	.5	3	.5	4	.5	2	.5	3	.5	2	.5	1	.5	2	.5	4	.5	3	.5	1	.5	4	15000.0	1	.5	3	.5	4	.5	2	.5	3	.5	2	.5	1	.5	2	.5	4	.5	3	.5	1	.5	4	.5	1	.5	3	.5	4	.5	2	.5	3	.5	2	.5	1	.5	2	.5	4	.5	3	.5	1	.5	4	.5	1	.5	3	.5	4	.5	2	.5	3	.5	2	.5	1	.5	2	.5	4	.5	3	.5	1	.5	4	.5	1	.5	3	.5	4	.5	2	.5	3	.5	2	.5	1	.5	2	.5	4	.5	3	.5	1	.5	4	.5	1	.5	2	.5	4	.5	2	.5	3	.5	2	.5	1	.5	4	.5	3	.5	4	.5	1	.5	3	.5	1	.5	3	.5	4	.5	2	.5	3	.5	2	.5	1	.5	2	.5	4	.5	3	.5	1	.5	4	.5	1	.5	3	.5	4	.5	2	.5	3	.5	2	.5	1	.5	2	.5	4	.5	3	.5	1	.5	4	.5	1	.5	3	.5	4	.5	2	.5	3	.5	2	.5	1	.5	2	.5	4	.5	3	.5	1	.5	4	.5	1	.5	3	.5	4	.5	2	.5	3	.5	2	.5	1	.5	2	.5	4	.5	3	.5	1	.5	4	.5	1	.5	2	.5	3	.5	1	.5	3	.5	4	.5	3	.5	2	.5	4	.5	2	.5	1	.5	4	.5	1	.5	3	.5	4	.5	2	.5	3	.5	2	.5	1	.5	2	.5	4	.5	3	.5	1	.5	4	.5	1	.5	3	.5	4	.5	2	.5	3	.5	2	.5	1	.5	2	.5	4	.5	3	.5	1	.5	4	.5	1	.5	3	.5	4	.5	2	.5	3	.5	2	.5	1	.5	2	.5	4	.5	3	.5	1	.5	4	.5	1	.5	3	.5	4	.5	2	.5	3	.5	2	.5	1	.5	2	.5	4	.5	3	.5	1	.5	4	.5	1	.5	2	.5	4	.5	3	.5	4	.5	2	.5	1	.5	4	.5	1	.5	3	.5	2	.5	3	.5	1	.5	2	.5	3	.5	4	.5	3	.5	1	.5	4	.5	2	.5	1	.5	3	.5	2	.5	4	.5	1	.5	3	.5	4	.5	2	.5	3	.5	2	.5	1	.5	2	.5	4	.5	3	.5	1	.5	4	.5	1	.5	3	.5	4	.5	2	.5	3	.5	2	.5	1	.5	2	.5	4	.5	3	.5	1	.5	4	.5	1	.5	3	.5	4	.5	2	.5	3	.5	2	.5	1	.5	2	.5	4	.5	3	.5	1	.5	4	.5	1	.5	3	.5	4	.5	2	.5	3	.5	2	.5	1	.5	2	.5	4	.5	3	.5	1	.5	4	.5	1	.5	3	.5	4	.5	2	.5	3	.5	2	.5	1	.5	2	.5	4	.5	3	.5	1	.5	4	.5	1	.5	2	.5	4	.5	1	.5	4	.5	3	.5	2	.5	1	.5	3	.5	4	.5	2	.5	3	.5	1	.5	3	.5	4	.5	2	.5	3	.5	2	.5	1	.5	2	.5	4	.5	3	.5	1	.5	4	.5	1	.5	3	.5	4	.5	2	.5	3	.5	2	.5	1	.5	2	.5	4	.5	3	.5	1	.5	4	.5	1	.5	3	.5	4	.5	2	.5	3	.5	2	.5	1	.5	2	.5	4	.5	3	.5	1	.5	4	.5	1	.5	3	.5	4	.5	2	.5	3	.5	2	.5	1	.5	2	.5	4	.5	3	.5	1	.5	4	.5	1	.5	3	.5	4	.5	2	.5	3	.5	2	.5	1	.5	2	.5	4	.5	3	.5	1	.5	4	.5	1	.5	3	.5	4	.5	2	.5	3	.5	2	.5	1	.5	2	.5	4	.5	3	.5	1	.5	4	.5	1	.5	2	.5	3	.5	1	.5	3	.5	4	.5	2	.5	4	.5	3	.5	2	.5	1	.5	4	.5	1	.5	3	.5	4	.5	2	.5	3	.5	2	.5	1	.5	2	.5	4	.5	3	.5	1	.5	4	.5	1	.5	3	.5	4	.5	2	.5	3	.5	2	.5	1	.5	2	.5	4	.5	3	.5	1	.5	4	.5	1	.5	3	.5	4	.5	2	.5	3	.5	2	.5	1	.5	2	.5	4	.5	3	.5	1	.5	4	.5	1	.5	2	.5	4	.5	1	.5	3	.5	1	.5	4	.5	3	.5	2	.5	3	.5	4	.5	2	.5	1	.5	3	.5	4	.5	2	.5	3	.5	2	.5	1	.5	2	.5	4	.5	3	.5	1	.5	4	.5	1	.5	3	.5	4	.5	2	.5	3	.5	2	.5	1	.5	2	.5	4	.5	3	.5	1	.5	4	.5	1	.5	3	.5	4	.5	2	.5	3	.5	2	.5	1	.5	2	.5	4	.5	3	.5	1	.5	4	.5	1	.5	3	.5	4	.5	2	.5	3	.5	2	.5	1	.5	2	.5	4	.5	3	.5	1	.5	4	.5	1	.5	2	.5	4	.5	3	.5	2	.5	3	.5	1	.5	4	.5	2	.5	1	.5	3	.5	4	.5	1	.5	3	.5	4	.5	2	.5	3	.5	2	.5	1	.5	2	.5	4	.5	3	.5	1	.5	4	.5	1	.5	3	.5	4	.5	2	.5	3	.5	2	.5	1	.5	2	.5	4	.5	3	.5	1	.5	4	
